200 15 2 0 lvl_4 "level 3"

-2 1000 20 100 100 2.000000 0
-2 1500 300 100 100 4.000000 0
-2 2200 225 100 100 1.500000 0
-3 125 13 100 100 2.500000 0
-2 4000 40 100 100 3.000000 0
-2 3000 500 100 100 3.500000 0
0 0 3
1 0 3
2 0 3
3 0 3
4 0 3
4 1 2
5 0 3
5 1 2
5 2 2
6 0 3
6 1 1
6 2 2
6 3 2
6 4 2
7 0 3
7 1 1
7 2 1
7 3 1
7 4 2
7 5 2
8 0 3
8 1 1
8 2 1
8 3 1
8 4 1
8 5 2
9 0 3
10 0 3
11 0 8
11 1 3
12 0 8
12 1 3
13 0 8
13 1 8
13 2 8
13 3 3
13 4 9
14 0 8
14 1 8
14 2 8
14 3 8
14 4 8
14 5 3
15 0 8
15 1 8
15 2 8
15 3 8
15 4 8
15 5 8
15 6 8
15 7 8
15 8 3
16 0 8
16 1 8
16 2 8
16 3 8
16 4 8
16 5 8
16 6 8
16 7 8
16 8 8
16 9 8
16 10 3
16 11 9
17 0 8
17 1 8
17 2 8
17 3 8
17 4 8
17 5 8
17 6 3
17 7 7
17 8 2
17 9 2
17 10 2
17 11 2
18 0 8
18 1 8
18 2 8
18 3 8
18 4 8
18 5 8
18 6 8
18 7 3
19 0 8
19 1 8
19 2 8
19 3 8
19 4 3
20 0 8
20 1 8
20 2 3
21 0 8
21 1 8
21 2 3
21 3 4
22 0 8
22 1 8
22 2 3
23 0 8
23 1 8
23 2 8
23 3 3
24 0 8
24 1 8
24 2 8
24 3 3
25 0 8
25 1 8
25 2 8
25 3 8
25 4 3
25 5 2
25 6 2
25 7 2
25 8 2
26 0 8
26 1 8
26 2 8
26 3 8
26 4 8
26 5 8
26 6 8
26 7 3
26 8 2
26 9 2
27 0 8
27 1 8
27 2 8
27 3 8
27 4 8
27 5 8
27 6 8
27 7 8
27 8 3
27 9 2
28 0 8
28 1 8
28 2 8
28 3 8
28 4 8
28 5 8
28 6 8
28 7 8
28 8 3
28 9 10
29 0 8
29 1 8
29 2 8
29 3 8
29 4 8
29 5 8
29 6 8
29 7 8
29 8 3
30 0 8
30 1 8
30 2 8
30 3 8
30 4 8
30 5 8
30 6 8
30 7 8
30 8 3
31 0 8
31 1 8
31 2 8
31 3 8
31 4 8
31 5 8
31 6 8
31 7 8
31 8 3
31 9 10
32 0 8
32 1 8
32 2 8
32 3 8
32 4 8
32 5 8
32 6 8
32 7 3
33 0 8
33 1 8
33 2 8
33 3 8
33 4 8
33 5 8
33 6 8
33 7 3
34 0 8
34 1 8
34 2 8
34 3 3
34 4 7
34 6 8
34 7 3
35 0 8
35 1 8
35 2 8
35 3 3
35 4 4
36 0 8
36 1 8
36 2 8
36 3 3
37 0 8
37 1 8
37 2 8
37 3 8
37 4 3
37 5 2
38 0 8
38 1 8
38 2 8
38 3 8
38 4 3
38 5 2
39 0 8
39 1 8
39 2 8
39 3 8
39 4 3
39 5 2
40 0 8
40 1 8
40 2 8
40 3 3
40 4 2
40 5 2
41 0 8
41 1 3
41 2 5
41 3 5
41 4 5
42 0 8
42 1 8
42 2 3
42 3 5
43 0 8
43 1 8
43 2 3
43 3 5
43 4 5
44 0 8
44 1 8
44 2 8
44 3 3
44 4 5
45 0 8
45 1 8
45 2 8
45 3 3
45 4 5
46 0 8
46 1 8
46 2 3
46 3 5
46 4 5
47 0 8
47 1 8
47 2 3
47 3 11
48 0 8
48 1 8
48 2 8
48 3 8
48 4 8
48 5 8
48 6 8
48 7 3
48 8 10
49 0 8
49 1 8
49 2 8
49 3 8
49 4 8
49 5 8
49 6 8
49 7 3
49 8 9
50 0 8
50 1 8
50 2 8
50 3 8
50 4 8
50 5 3
51 0 8
51 1 8
51 2 8
51 3 8
51 4 3
52 0 8
52 1 8
52 2 8
52 3 8
52 4 3
53 0 8
53 1 8
53 2 8
53 3 3
54 0 8
54 1 8
54 2 3
55 0 8
55 1 8
55 2 3
56 0 8
56 1 8
56 2 8
56 3 3
57 0 8
57 1 8
57 2 8
57 3 8
57 4 3
57 5 2
57 6 2
57 7 2
57 8 2
57 9 2
58 0 8
58 1 8
58 2 8
58 3 3
58 4 2
58 5 2
58 6 2
58 7 8
58 8 3
58 9 2
59 0 8
59 1 8
59 2 3
59 3 5
59 4 5
59 5 5
59 6 8
59 7 8
59 8 8
59 9 8
59 10 8
59 11 3
60 0 8
60 1 3
60 2 7
60 3 5
60 4 5
60 5 5
60 6 8
60 7 8
60 8 8
60 9 8
60 10 8
60 11 8
60 12 3
61 0 8
61 1 3
61 2 11
61 3 5
61 4 8
61 5 8
61 6 8
61 7 8
61 8 8
61 9 8
61 10 8
61 11 8
61 12 3
61 13 9
62 0 8
62 1 8
62 2 8
62 3 8
62 4 8
62 5 8
62 6 8
62 7 8
62 8 8
62 9 8
62 10 8
62 11 8
62 12 3
63 0 8
63 1 8
63 2 8
63 3 8
63 4 8
63 5 8
63 6 8
63 7 8
63 8 8
63 9 8
63 10 8
63 11 3
64 0 8
64 1 8
64 2 8
64 3 8
64 4 8
64 5 8
64 6 8
64 7 8
64 8 8
64 9 8
64 10 3
64 11 10
65 0 8
65 1 8
65 2 8
65 3 8
65 4 8
65 5 8
65 6 8
65 7 8
65 8 3
65 9 2
66 0 8
66 1 8
66 2 3
66 3 5
66 4 5
66 5 5
66 6 1
66 7 2
66 8 2
66 9 2
67 0 8
67 1 8
67 2 3
67 3 2
67 4 2
67 5 2
67 6 2
67 7 2
68 0 8
68 1 8
68 2 3
68 3 2
68 4 2
68 5 2
69 5 2
69 6 2
70 6 2
71 6 2
72 5 2
72 6 2
73 0 8
73 1 8
73 2 3
73 3 2
73 4 2
73 5 2
74 0 8
74 1 3
75 0 8
75 1 3
75 2 9
76 0 8
76 1 3
77 0 8
77 1 8
77 2 3
78 0 8
78 1 8
78 2 8
78 3 3
78 4 2
78 5 2
78 6 2
78 7 2
79 7 2
80 7 2
81 0 8
81 1 8
81 2 8
81 3 8
81 4 8
81 5 8
81 6 3
81 7 2
82 0 8
82 1 8
82 2 8
82 3 8
82 4 3
83 0 8
83 1 8
83 2 3
84 0 8
84 1 8
84 2 3
84 3 9
88 0 8
88 1 8
88 2 3
89 0 8
89 1 8
89 2 8
89 3 8
89 4 8
89 5 3
90 0 8
90 1 8
90 2 8
90 3 8
90 4 8
90 5 8
90 6 8
90 7 8
90 8 3
90 9 9
92 0 8
92 1 8
92 2 8
92 3 8
92 4 3
92 5 2
93 0 8
93 1 8
93 2 8
93 3 3
93 4 2
93 5 2
94 0 8
94 1 8
94 2 8
94 3 8
94 4 3
94 5 2
94 6 2
94 7 2
95 0 8
95 1 8
95 2 8
95 3 8
95 4 8
95 5 8
95 6 3
95 7 10
100 0 8
100 1 8
100 2 8
100 3 3
100 4 2
100 5 2
100 6 2
101 0 8
101 1 8
101 2 8
101 3 8
101 4 8
101 5 3
101 6 2
101 7 2
101 8 2
101 9 2
102 0 8
102 1 8
102 2 8
102 3 8
102 4 8
102 5 8
102 6 8
102 7 8
102 8 3
102 9 2
106 0 8
106 1 8
106 2 8
106 3 8
106 4 3
106 5 2
107 0 8
107 1 8
107 2 8
107 3 3
107 4 2
107 5 2
107 6 2
108 0 8
108 1 3
108 2 2
108 3 2
108 4 2
108 6 2
108 7 2
109 0 8
109 1 3
109 2 2
109 7 2
109 8 2
110 8 2
111 8 2
112 0 8
112 1 8
112 2 8
112 3 8
112 4 8
112 5 8
112 6 8
112 7 3
112 8 2
113 0 8
113 1 8
113 2 8
113 3 8
113 4 8
113 5 8
113 6 3
113 7 2
113 8 2
114 0 8
114 1 8
114 2 8
114 3 8
114 4 8
114 5 3
114 6 2
114 7 2
115 0 8
115 1 8
115 2 8
115 3 8
115 4 8
115 5 3
115 6 2
116 0 8
116 1 8
116 2 8
116 3 8
116 4 8
116 5 3
116 6 2
116 7 2
116 8 2
117 0 8
117 1 8
117 2 8
117 3 8
117 4 8
117 5 8
117 6 8
117 7 3
117 8 2
117 9 2
117 10 2
117 11 2
118 0 8
118 1 8
118 2 8
118 3 8
118 4 8
118 5 8
118 6 8
118 7 8
118 8 8
118 9 8
118 10 3
118 11 2
118 12 2
118 13 2
118 14 2
119 0 8
119 1 8
119 2 8
119 3 8
119 4 8
119 5 8
119 6 8
119 7 8
119 8 8
119 9 8
119 10 8
119 11 8
119 12 8
119 13 3
119 14 4
120 0 8
120 1 8
120 2 8
120 3 8
120 4 8
120 5 8
120 6 8
120 7 8
120 8 8
120 9 8
120 10 8
120 11 8
120 12 8
120 13 3
120 14 9
121 0 8
121 1 8
121 2 8
121 3 8
121 4 8
121 5 8
121 6 8
121 7 8
121 8 8
121 9 8
121 10 8
121 11 8
121 12 8
121 13 3
121 14 10
122 0 8
122 1 8
122 2 8
122 3 8
122 4 8
122 5 8
122 6 8
122 7 8
122 8 8
122 9 8
122 10 8
122 11 8
122 12 3
122 13 2
122 14 2
123 0 8
123 1 8
123 2 8
123 3 8
123 4 8
123 5 8
123 6 8
123 7 8
123 8 8
123 9 8
123 10 3
123 11 2
123 12 2
123 13 2
127 0 8
127 1 8
127 2 8
127 3 8
127 4 8
127 5 8
127 6 8
127 7 8
127 8 8
127 9 8
127 10 3
128 0 8
128 1 8
128 2 8
128 3 8
128 4 8
128 5 8
128 6 8
128 7 8
128 8 8
128 9 8
128 10 3
129 0 8
129 1 8
129 2 7
129 3 2
129 4 8
129 5 8
129 6 8
129 7 3
130 0 8
130 1 11
130 2 5
130 3 2
130 4 2
130 5 8
130 6 8
130 7 8
130 8 3
131 0 8
131 1 5
131 2 5
131 3 2
131 4 2
131 5 8
131 6 8
131 7 8
131 8 3
132 0 8
132 1 5
132 2 5
132 3 2
132 4 2
132 5 8
132 6 8
132 7 3
133 0 8
133 1 10
133 2 5
133 3 2
133 4 2
133 6 8
133 7 3
134 0 8
134 1 8
134 2 5
134 3 2
134 7 8
134 8 3
134 9 9
135 0 8
135 1 8
135 2 8
135 7 3
136 0 8
136 1 8
136 2 8
136 3 8
136 4 3
136 7 3
137 0 8
137 1 8
137 2 3
138 0 8
138 1 8
138 2 3
139 0 8
139 1 8
139 2 8
139 3 3
140 0 8
140 1 8
140 2 8
140 3 8
140 4 8
140 5 3
141 0 8
141 1 8
141 2 8
141 3 8
141 4 8
141 5 8
141 6 3
142 0 8
142 1 8
142 2 8
142 3 8
142 4 8
142 5 8
142 6 3
142 7 9
143 0 8
143 1 8
143 2 8
143 3 8
143 4 8
143 5 3
144 0 8
144 1 8
144 2 8
144 3 8
144 4 3
145 0 8
145 1 8
145 2 8
145 3 8
145 4 3
146 0 8
146 1 8
146 2 8
146 3 3
147 0 8
147 1 8
147 2 8
147 3 3
148 0 8
148 1 8
148 2 8
148 3 3
149 0 8
149 1 8
149 2 8
149 3 3
150 0 8
150 1 8
150 2 8
150 3 8
150 4 3
151 0 8
151 1 8
151 2 8
151 3 8
151 4 3
152 0 8
152 1 8
152 2 8
152 3 8
152 4 3
153 0 8
153 1 8
153 2 8
153 3 8
153 4 3
154 0 8
154 1 8
154 2 8
154 3 8
154 4 8
154 5 3
155 0 8
155 1 8
155 2 8
155 3 8
155 4 8
155 5 8
155 6 3
156 0 8
156 1 8
156 2 8
156 3 8
156 4 7
156 5 5
156 6 8
156 7 3
157 0 8
157 1 8
157 2 8
157 3 8
157 4 5
157 5 5
157 7 8
157 8 8
157 9 8
157 10 8
157 11 3
157 12 9
158 0 8
158 1 8
158 2 8
158 3 8
158 4 3
158 9 8
158 10 8
158 11 3
158 12 9
159 9 1
159 10 2
160 9 1
160 10 2
161 9 1
161 10 2
162 0 8
162 1 8
162 2 8
162 3 8
162 4 8
162 5 3
162 6 5
163 0 8
163 1 8
163 2 8
163 3 8
163 4 3
163 5 5
163 6 5
164 0 8
164 1 8
164 2 8
164 3 3
164 4 5
164 5 5
165 0 8
165 1 8
165 2 8
165 3 3
165 4 5
166 0 8
166 1 8
166 2 8
166 3 3
166 4 5
167 0 8
167 1 8
167 2 8
167 3 3
167 4 5
168 0 8
168 1 8
168 2 8
168 3 3
168 4 5
169 0 8
169 1 8
169 2 8
169 3 8
169 4 3
169 5 4
170 0 8
170 1 8
170 2 8
170 3 8
170 4 8
170 5 8
170 6 3
170 7 11
171 0 8
171 1 8
171 2 8
171 3 8
171 4 8
171 5 8
171 6 8
171 7 8
171 8 3
172 0 8
172 1 8
172 2 8
172 3 8
172 4 8
172 5 8
172 6 8
172 7 8
172 8 8
172 9 3
172 10 4
173 0 8
173 1 8
173 2 8
173 3 8
173 4 8
173 5 8
173 6 8
173 7 8
173 8 8
173 9 8
173 10 3
174 0 8
174 1 8
174 2 8
174 3 8
174 4 8
174 5 8
174 6 8
174 7 8
174 8 8
174 9 8
174 10 3
174 11 2
175 0 8
175 1 8
175 2 8
175 3 8
175 4 8
175 5 8
175 6 8
175 7 3
175 8 2
175 9 2
175 10 2
175 11 2
176 0 8
176 1 8
176 2 8
176 3 8
176 4 8
176 5 8
176 6 8
176 7 8
176 8 3
176 9 2
177 0 8
177 1 8
177 2 8
177 3 8
177 4 8
177 5 8
177 6 8
177 7 8
177 8 3
177 9 2
178 0 8
178 1 8
178 2 8
178 3 8
178 4 8
178 5 8
178 6 8
178 7 3
178 8 2
178 9 2
179 0 8
179 1 8
179 2 8
179 3 8
179 4 3
179 5 2
179 6 2
179 7 2
179 8 2
180 0 8
180 1 8
180 2 8
180 3 3
180 4 2
180 5 2
181 0 8
181 1 8
181 2 8
181 3 3
181 4 2
181 5 2
181 6 2
181 7 2
182 0 8
182 1 8
182 2 8
182 3 8
182 4 8
182 5 8
182 6 3
182 7 2
182 8 2
182 9 2
182 10 2
183 0 8
183 1 8
183 2 8
183 3 8
183 4 8
183 5 8
183 6 8
183 7 8
183 8 8
183 9 3
183 10 9
184 0 8
184 1 8
184 2 8
184 3 8
184 4 8
184 5 8
184 6 8
184 7 3
185 0 8
185 1 8
185 2 8
185 3 8
185 4 8
185 5 8
185 6 8
185 7 8
185 8 3
186 0 8
186 1 8
186 2 8
186 3 8
186 4 8
186 5 8
186 6 8
186 7 8
186 8 8
186 9 3
187 0 8
187 1 8
187 2 8
187 3 8
187 4 8
187 5 8
187 6 8
187 7 8
187 8 8
187 9 3
188 0 8
188 1 8
188 2 8
188 3 8
188 4 8
188 5 8
188 6 8
188 7 3
189 0 8
189 1 8
189 2 8
189 3 8
189 4 3
189 5 7
189 6 2
189 7 2
190 0 8
190 1 8
190 2 8
190 3 3
190 4 11
190 5 2
190 6 2
190 7 2
190 8 2
191 0 8
191 1 8
191 2 8
191 3 8
191 4 8
191 5 8
191 6 8
191 7 3
191 8 2
191 9 2
191 10 2
191 11 2
192 0 8
192 1 8
192 2 8
192 3 8
192 4 8
192 5 8
192 6 8
192 7 8
192 8 8
192 9 8
192 10 3
192 11 2
192 12 2
193 0 8
193 1 8
193 2 8
193 3 8
193 4 8
193 5 8
193 6 8
193 7 8
193 8 8
193 9 8
193 10 8
193 11 3
193 12 2
194 0 8
194 1 8
194 2 8
194 3 8
194 4 8
194 5 8
194 6 8
194 7 8
194 8 8
194 9 8
194 10 8
194 11 3
194 12 2
195 0 8
195 1 8
195 2 8
195 3 8
195 4 8
195 5 8
195 6 8
195 7 8
195 8 8
195 9 8
195 10 8
195 11 3
195 12 6
196 0 8
196 1 8
196 2 8
196 3 8
196 4 8
196 5 8
196 6 8
196 7 8
196 8 3
196 9 2
196 10 2
196 11 2
196 12 2
197 0 8
197 1 8
197 2 8
197 3 8
197 4 8
197 5 8
197 6 3
197 7 9
197 8 2
197 9 2
198 0 8
198 1 8
198 2 8
198 3 3
198 4 2
198 5 2
198 6 2
198 7 2
199 0 3
199 1 9
199 2 2
199 3 2
199 4 2

-1
