200 15 1 0 lvl_3 "level 2"

-2 506 320 100 100 3.700000 0
-2 3643 167 100 100 1.200000 0
-2 1447 88 100 100 3.800000 0
-2 3671 365 100 100 1.700000 0
-2 3586 250 100 100 1.100000 0
-2 2128 94 100 100 4.300000 0
-2 417 42 100 100 4.800000 0
-2 635 93 100 100 2.100000 0
-2 77 315 100 100 2.900000 0
-2 4388 142 100 100 3.800000 0
-2 4354 200 100 100 3.000000 0
-2 1900 244 100 100 3.800000 0
-2 4013 43 100 100 4.600000 0
-2 2681 114 100 100 4.400000 0
-2 639 53 100 100 4.600000 0
0 0 3
1 0 3
2 0 3
3 0 3
4 0 3
6 6 2
7 6 2
8 6 2
9 6 2
11 0 3
11 1 2
12 0 3
12 1 2
12 2 2
13 0 8
13 1 3
13 2 2
14 0 8
14 1 3
14 2 2
15 0 8
15 1 3
15 2 2
15 3 2
16 0 8
16 1 8
16 2 3
16 3 2
16 4 2
16 5 2
17 0 8
17 1 8
17 2 8
17 3 8
17 4 3
17 5 2
17 6 2
17 7 2
18 0 8
18 1 8
18 2 8
18 3 8
18 4 8
18 5 8
18 6 3
18 7 2
18 8 2
18 9 2
18 10 2
19 0 8
19 1 8
19 2 8
19 3 8
19 4 8
19 5 8
19 6 8
19 7 8
19 8 8
19 9 3
19 10 2
19 11 2
19 12 2
20 0 8
20 1 8
20 2 8
20 3 8
20 4 8
20 5 8
20 6 8
20 7 8
20 8 8
20 9 8
20 10 8
20 11 3
20 12 2
20 13 2
21 0 8
21 1 8
21 2 8
21 3 8
21 4 8
21 5 8
21 6 8
21 7 8
21 8 8
21 9 8
21 10 8
21 11 8
21 12 3
21 13 2
22 0 8
22 1 8
22 2 8
22 3 8
22 4 8
22 5 8
22 6 8
22 7 8
22 8 8
22 9 8
22 10 8
22 11 8
22 12 3
22 13 9
23 0 8
23 1 8
23 2 8
23 3 8
23 4 8
23 5 8
23 6 8
23 7 8
23 8 8
23 9 8
23 10 8
23 11 8
23 12 3
23 13 11
24 0 8
24 1 8
24 2 8
24 3 8
24 4 8
24 5 8
24 6 8
24 7 8
24 8 8
24 9 8
24 10 8
24 11 3
24 12 2
24 13 2
25 0 8
25 1 8
25 2 8
25 3 8
25 4 8
25 5 8
25 6 8
25 7 8
25 8 3
25 9 2
25 10 2
25 11 2
25 12 2
26 0 8
26 1 8
26 2 8
26 3 8
26 4 8
26 5 8
26 6 8
26 7 3
26 8 2
26 9 2
27 0 8
27 1 3
27 2 2
27 3 2
27 4 2
27 5 2
27 6 2
27 7 2
27 8 2
28 0 8
28 1 3
28 2 2
29 0 3
29 1 2
29 2 2
30 0 3
30 1 2
31 0 3
31 1 2
32 0 3
32 1 9
33 0 3
33 1 2
34 0 3
34 1 2
35 0 3
35 1 2
35 2 2
36 0 8
36 1 3
36 2 2
37 0 8
37 1 3
37 2 2
37 3 2
38 0 8
38 1 8
38 2 3
38 3 2
38 4 2
39 0 8
39 1 8
39 2 8
39 3 3
39 4 2
39 5 2
40 0 8
40 1 8
40 2 8
40 3 8
40 4 3
40 5 2
40 6 2
41 0 8
41 1 8
41 2 8
41 3 8
41 4 8
41 5 3
41 6 2
42 0 8
42 1 8
42 2 8
42 3 8
42 4 8
42 5 3
42 6 2
43 0 8
43 1 8
43 2 8
43 3 8
43 4 8
43 5 3
43 6 9
44 0 8
44 1 8
44 2 8
44 3 8
44 4 8
44 5 3
44 6 2
45 0 8
45 1 8
45 2 8
45 3 8
45 4 8
45 5 3
45 6 2
46 0 8
46 1 8
46 2 8
46 3 8
46 4 3
46 5 2
46 6 2
47 0 8
47 1 8
47 2 8
47 3 3
47 4 2
47 5 2
48 0 8
48 1 8
48 2 3
48 3 2
48 4 2
49 0 8
49 1 8
49 2 3
49 3 2
50 0 8
50 1 8
50 2 3
50 3 2
50 4 2
51 0 8
51 1 8
51 2 8
51 3 3
51 4 9
51 5 2
51 6 2
52 0 8
52 1 8
52 2 8
52 3 8
52 4 8
52 5 3
52 6 9
52 7 2
52 8 2
53 0 8
53 1 8
53 2 8
53 3 8
53 4 8
53 5 8
53 6 8
53 7 3
53 8 2
53 9 2
54 0 8
54 1 8
54 2 8
54 3 8
54 4 8
54 5 8
54 6 8
54 7 8
54 8 3
54 9 2
54 10 2
55 0 8
55 1 8
55 2 8
55 3 8
55 4 8
55 5 8
55 6 8
55 7 8
55 8 8
55 9 3
55 10 2
55 11 2
56 0 8
56 1 8
56 2 8
56 3 8
56 4 8
56 5 8
56 6 8
56 7 8
56 8 8
56 9 8
56 10 3
56 11 2
56 12 2
57 0 8
57 1 8
57 2 3
57 12 2
57 13 2
58 0 3
58 1 11
58 13 2
58 14 2
59 14 2
60 13 2
60 14 2
61 1 1
61 2 2
61 12 2
61 13 2
62 1 1
62 2 4
62 10 1
62 11 2
62 12 2
63 1 1
63 2 2
63 10 1
63 11 2
64 10 1
64 11 9
65 3 1
65 4 7
65 10 1
66 3 1
66 4 1
66 5 4
66 10 1
69 7 1
70 6 1
70 7 1
70 8 4
71 5 1
71 6 1
72 5 1
72 6 5
73 5 1
73 6 5
74 5 1
74 6 5
75 5 1
75 6 5
76 5 1
76 6 1
77 6 1
77 7 1
77 8 2
78 7 1
78 8 2
78 9 2
78 10 2
79 10 2
79 11 2
79 12 2
80 12 2
81 10 2
81 11 2
81 12 2
82 8 1
82 9 2
82 10 2
83 8 1
83 9 1
83 10 2
84 9 1
84 10 9
85 8 1
85 9 1
85 10 5
86 5 1
86 6 1
86 7 1
86 8 1
86 9 5
86 10 5
87 4 1
87 5 1
87 6 5
87 7 5
87 8 5
87 9 5
88 4 1
88 5 5
88 6 5
89 4 1
89 5 5
90 4 1
90 5 5
91 4 1
91 5 1
92 5 1
92 6 9
95 2 1
95 3 2
96 1 1
96 2 1
96 3 2
97 1 1
97 2 2
97 3 2
98 1 1
98 2 2
99 1 1
99 2 2
100 1 1
100 2 2
101 1 1
101 2 2
101 3 2
102 1 1
102 2 1
102 3 2
102 4 2
102 5 2
102 6 2
103 2 1
103 3 1
103 4 1
103 5 4
103 6 2
103 7 2
103 8 2
104 4 1
104 5 1
104 6 1
104 7 1
104 8 2
104 9 2
104 10 2
105 7 1
105 8 1
105 9 4
105 10 2
105 11 2
106 11 2
106 12 2
107 11 2
107 12 2
108 9 1
108 10 2
108 11 2
109 9 1
109 10 1
109 11 2
110 10 1
110 11 2
111 9 1
111 10 1
111 11 2
112 8 1
112 9 1
112 10 2
112 11 2
113 4 1
113 5 1
113 6 1
113 7 1
113 8 1
113 9 2
113 10 2
114 4 1
114 5 1
114 6 5
114 7 5
114 8 5
114 9 5
115 4 1
115 5 9
116 4 1
117 4 1
118 4 1
118 5 1
119 5 1
119 6 1
119 7 9
120 6 1
120 7 1
120 8 1
120 9 2
121 9 2
121 10 2
121 11 2
122 11 2
122 12 2
123 11 2
123 12 2
124 5 1
124 6 2
124 7 2
124 8 2
124 9 2
124 10 2
124 11 2
125 4 1
125 5 1
126 3 1
126 4 1
127 3 1
127 4 5
128 3 1
128 4 9
129 3 1
129 4 2
130 3 1
130 4 2
131 3 1
131 4 9
132 3 1
132 4 5
133 3 1
133 4 1
134 4 1
134 5 1
134 6 2
134 7 2
135 7 2
135 8 2
136 0 8
136 1 3
136 8 2
136 9 2
137 0 8
137 1 8
137 2 3
137 9 2
138 0 8
138 1 8
138 2 8
138 3 3
138 8 2
138 9 2
139 0 8
139 1 8
139 2 8
139 3 3
139 7 2
139 8 2
140 0 8
140 1 8
140 2 8
140 3 8
140 4 3
140 5 2
140 6 2
140 7 2
141 0 8
141 1 8
141 2 8
141 3 8
141 4 8
141 5 8
141 6 3
142 0 8
142 1 8
142 2 8
142 3 8
142 4 8
142 5 8
142 6 8
142 7 3
143 0 8
143 1 8
143 2 8
143 3 8
143 4 8
143 5 8
143 6 8
143 7 8
143 8 3
143 9 4
144 0 8
144 1 8
144 2 8
144 3 8
144 4 8
144 5 8
144 6 8
144 7 8
144 8 3
144 9 4
145 0 8
145 1 8
145 2 8
145 3 8
145 4 8
145 5 8
145 6 8
145 7 3
146 0 8
146 1 8
146 2 8
146 3 8
146 4 3
147 0 8
147 1 8
147 2 8
147 3 3
148 0 8
148 1 8
148 2 8
148 3 3
148 4 9
149 0 8
149 1 8
149 2 8
149 3 3
149 4 2
150 0 8
150 1 8
150 2 8
150 3 3
150 4 7
151 0 8
151 1 8
151 2 8
151 3 3
151 4 2
152 0 8
152 1 8
152 2 8
152 3 3
152 4 2
153 0 8
153 1 8
153 2 8
153 3 3
153 4 2
153 5 2
153 6 2
154 0 8
154 1 8
154 2 3
154 3 5
154 6 2
154 7 2
154 8 2
155 0 8
155 1 8
155 2 3
155 3 9
155 8 2
156 0 8
156 1 8
156 2 3
156 3 11
156 7 2
156 8 2
157 0 8
157 1 8
157 2 8
157 3 8
157 4 8
157 5 3
157 6 9
157 7 2
158 0 8
158 1 8
158 2 8
158 3 8
158 4 8
158 5 8
158 6 3
158 7 2
158 8 2
159 0 8
159 1 8
159 2 8
159 3 8
159 4 8
159 5 8
159 6 8
159 7 3
159 8 2
160 8 2
161 8 2
162 5 1
162 6 1
162 7 2
162 8 2
163 5 1
163 6 2
163 7 2
164 4 1
164 5 1
164 6 2
165 4 1
165 5 2
165 6 2
166 4 1
166 5 2
167 4 1
167 5 2
168 4 1
168 5 2
168 6 2
169 4 1
169 6 2
169 7 2
170 7 2
170 8 2
171 8 2
171 9 2
172 9 2
173 8 2
173 9 2
174 5 1
174 7 2
174 8 2
175 5 1
175 6 1
175 7 2
175 8 2
176 6 1
176 7 1
176 8 2
177 7 1
177 8 2
178 7 1
178 8 2
179 7 1
179 8 2
180 8 2
181 8 2
182 5 1
182 6 1
182 7 2
182 8 2
183 5 1
183 6 2
183 7 2
184 4 1
184 5 1
184 6 2
185 4 1
185 5 9
186 4 1
186 5 9
187 0 3
187 1 7
187 4 1
187 5 1
187 6 2
188 0 3
188 1 11
188 5 1
188 6 2
188 7 2
189 0 8
189 1 3
189 5 1
189 6 1
189 7 2
190 0 8
190 1 8
190 2 3
190 6 1
190 7 1
190 8 2
191 0 8
191 1 8
191 2 8
191 3 3
191 8 2
191 9 2
192 0 8
192 1 8
192 2 8
192 3 8
192 4 3
192 9 2
192 10 2
193 0 8
193 1 8
193 2 8
193 3 8
193 4 8
193 5 3
193 9 2
193 10 2
194 0 8
194 1 8
194 2 8
194 3 8
194 4 8
194 5 8
194 6 8
194 7 8
194 8 3
194 9 2
194 10 2
194 11 2
195 0 8
195 1 8
195 2 8
195 3 8
195 4 8
195 5 8
195 6 8
195 7 8
195 8 8
195 9 8
195 10 3
195 11 2
196 0 8
196 1 8
196 2 8
196 3 8
196 4 8
196 5 8
196 6 8
196 7 8
196 8 8
196 9 8
196 10 3
196 11 6
197 0 8
197 1 8
197 2 8
197 3 8
197 4 8
197 5 8
197 6 8
197 7 8
197 8 3
198 0 8
198 1 8
198 2 8
198 3 8
198 4 3
199 0 3

-1
