200 15 3 1 lvl_1 "welcome to hell"

-2 5690 40 100 100 3.600000 0
-2 385 390 100 100 4.100000 0
-2 5958 305 100 100 4.700000 0
-2 2401 75 100 100 5.000000 0
-2 2074 319 100 100 3.200000 0
-2 5960 205 100 100 1.300000 0
-2 734 288 100 100 4.000000 0
-2 2230 398 100 100 1.800000 0
-2 5940 191 100 100 3.800000 0
-2 2222 142 100 100 4.700000 0
-2 3573 233 100 100 3.900000 0
-2 1830 218 100 100 2.200000 0
-2 741 128 100 100 3.900000 0
-2 2697 130 100 100 3.400000 0
-2 1169 204 100 100 2.500000 0
0 0 3
0 10 1
0 11 4
1 0 3
1 10 1
1 11 2
2 0 3
2 10 1
2 11 2
3 0 3
3 10 1
3 11 2
4 0 3
4 10 1
4 11 2
5 0 3
5 10 1
5 11 7
6 0 3
6 10 1
6 11 4
7 0 8
7 1 3
7 2 5
7 3 5
7 4 5
8 0 8
8 1 8
8 2 8
8 3 3
8 4 5
9 0 8
9 1 8
9 2 8
9 3 3
9 4 5
9 5 5
9 6 5
10 0 8
10 1 8
10 2 8
10 3 8
10 4 8
10 5 3
10 6 5
10 7 5
10 8 5
10 9 5
11 0 8
11 1 8
11 2 8
11 3 8
11 4 8
11 5 8
11 6 8
11 7 8
11 8 3
11 9 5
11 10 5
11 11 5
12 0 8
12 1 8
12 2 8
12 3 8
12 4 8
12 5 8
12 6 8
12 7 8
12 8 8
12 9 8
12 10 3
12 11 5
12 12 5
13 0 8
13 1 8
13 2 8
13 3 8
13 4 8
13 5 8
13 6 8
13 7 8
13 8 8
13 9 8
13 10 8
13 11 3
13 12 5
14 0 8
14 1 8
14 2 8
14 3 8
14 4 8
14 5 8
14 6 8
14 7 8
14 8 8
14 9 8
14 10 8
14 11 8
14 12 3
14 13 9
15 0 8
15 1 8
15 2 8
15 3 8
15 4 8
15 5 8
15 6 8
15 7 8
15 8 8
15 9 8
15 10 8
15 11 3
16 0 8
16 1 8
16 2 8
16 3 8
16 4 8
16 5 8
16 6 8
16 7 8
16 8 3
16 9 5
16 10 5
16 11 5
17 0 8
17 1 8
17 2 8
17 3 8
17 4 8
17 5 8
17 6 8
17 7 8
17 8 8
17 9 8
17 10 3
17 11 5
18 0 8
18 1 8
18 2 8
18 3 8
18 4 8
18 5 8
18 6 8
18 7 8
18 8 8
18 9 8
18 10 8
18 11 3
19 0 8
19 1 8
19 2 8
19 3 8
19 4 8
19 5 8
19 6 8
19 7 8
19 8 8
19 9 8
19 10 8
19 11 8
19 12 3
20 0 8
20 1 8
20 2 8
20 3 8
20 4 8
20 5 8
20 6 8
20 7 8
20 8 8
20 9 8
20 10 8
20 11 8
20 12 8
20 13 3
21 0 8
21 1 8
21 2 8
21 3 8
21 4 8
21 5 8
21 6 8
21 7 8
21 8 8
21 9 8
21 10 8
21 11 8
21 12 8
21 13 3
22 0 8
22 1 8
22 2 8
22 3 8
22 4 8
22 5 8
22 6 8
22 7 8
22 8 8
22 9 8
22 10 8
22 11 8
22 12 8
22 13 3
22 14 9
23 0 8
23 1 8
23 2 8
23 3 8
23 4 8
23 5 8
23 6 8
23 7 8
23 8 8
23 9 8
23 10 8
23 11 8
23 12 3
24 0 8
24 1 8
24 2 8
24 3 8
24 4 8
24 5 8
24 6 8
24 7 8
24 8 8
24 9 3
24 10 5
24 11 5
24 12 5
25 0 8
25 1 8
25 2 8
25 3 8
25 4 8
25 5 8
25 6 3
25 7 5
25 8 5
25 9 5
25 10 5
26 0 8
26 1 8
26 2 8
26 3 8
26 4 8
26 5 3
26 6 5
26 7 5
27 0 8
27 1 8
27 2 8
27 3 8
27 4 3
27 5 5
27 6 5
28 0 8
28 1 8
28 2 3
28 3 5
28 4 5
28 5 5
29 0 8
29 1 3
29 2 5
29 3 5
29 11 1
29 12 9
30 0 8
30 1 3
30 2 5
30 11 1
30 12 5
31 0 8
31 1 3
31 2 9
31 11 1
31 12 5
32 0 8
32 1 3
32 2 11
32 11 1
32 12 9
33 0 8
33 1 3
33 2 5
33 3 5
33 4 5
34 0 8
34 1 8
34 2 8
34 3 3
34 4 5
34 5 5
34 6 5
35 0 8
35 1 8
35 2 8
35 3 8
35 4 8
35 5 3
35 6 9
35 7 5
35 8 5
36 0 8
36 1 8
36 2 8
36 3 8
36 4 8
36 5 8
36 6 8
36 7 3
36 8 5
36 9 5
36 10 5
37 0 8
37 1 8
37 2 8
37 3 8
37 4 8
37 5 8
37 6 8
37 7 8
37 8 8
37 9 3
37 10 5
38 0 8
38 1 8
38 2 3
38 3 7
38 4 2
38 5 2
38 6 2
38 7 8
38 8 8
38 9 3
38 10 5
38 11 5
39 0 8
39 1 8
39 2 3
39 3 11
39 4 2
39 5 2
39 6 2
39 7 2
39 8 8
39 9 8
39 10 3
39 11 5
39 12 5
40 4 2
40 5 2
40 6 2
40 9 8
40 10 8
40 11 3
40 12 5
41 5 2
41 6 2
41 9 8
41 10 8
41 11 3
41 12 5
42 5 2
42 6 2
42 9 1
42 10 2
43 0 8
43 1 8
43 2 8
43 3 8
43 4 3
43 5 2
43 6 2
43 9 1
43 10 2
43 11 2
44 0 8
44 1 8
44 2 8
44 3 8
44 4 3
44 5 2
44 6 2
44 11 2
44 12 2
45 0 8
45 1 8
45 2 8
45 3 8
45 4 3
45 5 2
45 6 2
45 12 2
46 0 8
46 1 8
46 2 8
46 3 8
46 4 3
46 5 2
46 6 2
46 11 2
46 12 2
47 0 8
47 1 8
47 2 8
47 3 8
47 4 8
47 5 8
47 6 8
47 7 3
47 11 2
48 0 8
48 1 8
48 2 8
48 3 8
48 4 8
48 5 8
48 6 8
48 7 8
48 8 8
48 9 3
48 10 2
48 11 2
49 0 8
49 1 8
49 2 8
49 3 8
49 4 8
49 5 8
49 6 8
49 7 8
49 8 8
49 9 3
50 0 8
50 1 8
50 2 8
50 3 8
50 4 8
50 5 8
50 6 8
50 7 8
50 8 8
50 9 8
50 10 3
51 0 8
51 1 8
51 2 8
51 3 8
51 4 8
51 5 8
51 6 8
51 7 8
51 8 8
51 9 8
51 10 8
51 11 8
51 12 3
51 13 9
52 0 8
52 1 8
52 2 8
52 3 8
52 4 8
52 5 8
52 6 8
52 7 8
52 8 8
52 9 8
52 10 8
52 11 3
52 12 2
52 13 2
53 0 8
53 1 8
53 2 8
53 3 8
53 4 8
53 5 8
53 6 8
53 7 8
53 8 8
53 9 8
53 10 8
53 11 3
53 12 2
53 13 2
54 0 8
54 1 8
54 2 8
54 3 8
54 4 8
54 5 8
54 6 8
54 7 8
54 8 8
54 9 8
54 10 8
54 11 8
54 12 3
54 13 2
55 0 8
55 1 8
55 2 8
55 3 8
55 4 8
55 5 8
55 6 8
55 7 8
55 8 8
55 9 8
55 10 8
55 11 8
55 12 8
55 13 3
55 14 9
56 0 8
56 1 8
56 2 8
56 3 8
56 4 8
56 5 8
56 6 8
56 7 8
56 8 8
56 9 8
56 10 8
56 11 8
56 12 3
57 0 8
57 1 8
57 2 8
57 3 8
57 4 8
57 5 8
57 6 8
57 7 8
57 8 8
57 9 8
57 10 3
58 0 8
58 1 8
58 2 8
58 3 8
58 4 8
58 5 8
58 6 8
58 7 3
58 8 2
59 0 8
59 1 8
59 2 3
59 3 2
59 4 2
59 5 2
59 6 2
59 7 2
59 8 2
60 0 8
60 1 8
60 2 3
61 0 8
61 1 8
61 2 8
61 3 3
62 0 8
62 1 8
62 2 8
62 3 8
62 4 8
62 5 3
62 6 9
63 0 8
63 1 8
63 2 8
63 3 8
63 4 8
63 5 8
63 6 8
63 7 3
63 8 9
64 0 8
64 1 8
64 2 8
64 3 8
64 4 8
64 5 8
64 6 8
64 7 3
64 8 2
65 0 8
65 1 8
65 2 8
65 3 8
65 4 8
65 5 8
65 6 8
65 7 3
65 8 2
66 0 8
66 1 8
66 2 8
66 3 8
66 4 8
66 5 8
66 6 8
66 7 3
66 8 2
67 0 8
67 1 8
67 2 8
67 3 8
67 4 3
67 5 2
67 6 2
67 7 2
67 8 2
68 0 8
68 1 8
68 2 3
68 3 2
68 4 2
68 5 2
69 0 8
69 1 8
69 2 3
69 3 2
69 4 2
70 0 8
70 1 8
70 2 8
70 3 8
70 4 3
70 10 1
70 11 1
70 12 9
71 0 8
71 1 8
71 2 8
71 3 8
71 4 8
71 5 3
71 10 1
71 11 7
72 0 8
72 1 8
72 2 8
72 3 8
72 4 8
72 5 3
72 9 1
72 10 1
72 11 11
73 0 8
73 1 8
73 2 8
73 3 8
73 4 8
73 5 3
73 9 1
73 10 2
74 0 8
74 1 8
74 2 8
74 3 8
74 4 3
74 9 1
74 10 2
75 0 8
75 1 8
75 2 8
75 3 3
75 9 1
75 10 2
76 0 8
76 1 8
76 2 3
76 9 1
76 10 2
77 0 8
77 1 8
77 2 3
77 3 2
77 4 2
77 5 2
77 6 2
77 7 2
77 8 2
77 9 2
77 10 2
78 0 8
78 1 8
78 2 8
78 3 8
78 4 8
78 5 8
78 6 8
78 7 3
78 8 2
78 9 2
78 10 2
79 0 8
79 1 8
79 2 8
79 3 8
79 4 8
79 5 8
79 6 8
79 7 8
79 8 8
79 9 8
79 10 8
79 11 3
80 0 8
80 1 8
80 2 8
80 3 8
80 4 8
80 5 8
80 6 8
80 7 8
80 8 8
80 9 8
80 10 8
80 11 8
80 12 3
80 13 9
81 0 8
81 1 8
81 2 8
81 3 8
81 4 8
81 5 8
81 6 8
81 7 8
81 8 8
81 9 8
81 10 8
81 11 8
81 12 3
82 0 8
82 1 8
82 2 8
82 3 8
82 4 8
82 5 8
82 6 8
82 7 8
82 8 8
82 9 8
82 10 8
82 11 3
83 0 8
83 1 8
83 2 8
83 3 8
83 4 8
83 5 8
83 6 8
83 7 8
83 8 8
83 9 3
83 10 2
83 11 2
84 0 8
84 1 8
84 2 8
84 3 8
84 4 3
84 11 2
84 12 2
84 13 2
85 0 8
85 1 8
85 2 3
85 12 2
85 13 2
86 0 8
86 1 8
86 2 3
86 7 1
86 11 2
86 12 2
86 13 2
87 0 3
87 1 4
87 7 1
87 8 1
87 9 1
87 10 2
87 11 2
88 0 3
88 1 2
88 8 1
88 9 1
88 10 2
89 0 3
89 1 2
89 8 1
89 9 2
89 10 2
90 0 3
90 1 9
90 8 1
90 9 2
91 0 3
91 1 2
91 8 1
91 9 2
92 0 3
92 1 2
93 0 3
93 1 4
94 0 8
94 1 3
94 4 1
94 5 1
94 6 1
94 7 1
94 8 2
95 3 1
95 4 1
95 5 9
95 6 2
95 7 2
95 8 2
96 3 1
96 4 2
96 5 2
96 6 2
97 2 1
97 3 1
97 4 2
98 2 1
98 3 2
98 4 2
99 2 1
99 3 1
99 4 2
100 3 1
100 4 2
101 3 1
101 4 1
101 5 9
104 0 8
104 1 8
104 2 8
104 3 8
104 4 8
104 5 3
104 6 2
104 7 2
105 0 8
105 1 8
105 2 8
105 3 8
105 4 8
105 5 8
105 6 3
105 7 2
105 8 2
106 0 8
106 1 8
106 2 8
106 3 8
106 4 8
106 5 8
106 6 8
106 7 3
106 8 2
106 9 2
107 0 8
107 1 8
107 2 8
107 3 8
107 4 8
107 5 8
107 6 8
107 7 8
107 8 3
107 9 2
108 0 8
108 1 8
108 2 8
108 3 8
108 4 8
108 5 8
108 6 8
108 7 8
108 8 3
108 9 2
108 10 2
109 0 8
109 1 8
109 2 8
109 3 8
109 4 8
109 5 8
109 6 8
109 7 8
109 8 8
109 9 3
109 10 2
110 0 8
110 1 8
110 2 8
110 3 8
110 4 8
110 5 8
110 6 8
110 7 8
110 8 8
110 9 3
110 10 2
110 11 2
111 0 8
111 1 8
111 2 8
111 3 8
111 4 8
111 5 8
111 6 8
111 7 8
111 8 8
111 9 8
111 10 3
111 11 11
111 12 2
112 0 8
112 1 8
112 2 8
112 3 8
112 4 8
112 5 8
112 6 8
112 7 8
112 8 8
112 9 8
112 10 8
112 11 3
112 12 2
113 0 8
113 1 8
113 2 8
113 3 8
113 4 8
113 5 8
113 6 8
113 7 8
113 8 8
113 9 8
113 10 8
113 11 3
113 12 2
114 0 8
114 1 8
114 2 8
114 3 8
114 4 8
114 5 8
114 6 8
114 7 8
114 8 8
114 9 3
115 0 8
115 1 8
115 2 8
115 3 8
115 4 8
115 5 8
115 6 8
115 7 8
115 8 3
116 0 8
116 1 3
116 2 7
116 6 1
116 7 2
117 0 3
117 1 4
117 5 1
117 6 1
117 7 2
118 0 3
118 5 1
118 6 2
118 7 2
119 0 3
120 0 8
120 1 3
122 2 1
122 3 2
122 4 2
123 2 1
123 3 1
123 4 2
124 3 1
124 4 2
125 3 1
125 4 2
128 5 1
128 6 2
129 5 1
129 6 2
130 5 1
130 6 2
131 5 1
131 6 2
131 7 2
132 5 1
132 6 1
132 7 9
133 6 1
133 7 2
137 8 8
137 9 8
137 10 3
138 7 8
138 8 8
138 9 8
138 10 3
139 7 8
139 8 8
139 9 8
139 10 8
139 11 3
139 12 2
140 8 8
140 9 8
140 10 8
140 11 3
140 12 2
141 9 8
141 10 8
141 11 3
141 12 2
142 12 2
144 5 8
144 6 8
144 7 8
144 8 8
144 9 3
145 4 8
145 5 8
145 6 8
145 7 8
145 8 8
145 9 3
146 4 8
146 5 8
146 6 8
146 7 8
146 8 3
146 9 5
147 3 8
147 4 8
147 5 8
147 6 8
147 7 8
147 8 3
147 9 5
148 3 8
148 4 8
148 5 8
148 6 8
148 7 3
148 12 2
149 3 8
149 4 8
149 5 8
149 6 8
149 7 3
149 8 10
149 12 2
150 3 8
150 4 8
150 5 8
150 6 3
150 7 5
150 12 2
151 4 8
151 5 8
151 6 3
151 7 5
151 12 2
152 5 8
152 6 3
152 7 5
153 6 3
153 7 5
157 0 8
157 1 3
158 0 8
158 1 8
158 2 8
158 3 3
158 4 9
159 0 8
159 1 8
159 2 8
159 3 8
159 4 3
159 5 11
160 0 8
160 1 8
160 2 8
160 3 8
160 4 3
160 5 2
161 0 8
161 1 8
161 2 8
161 3 3
161 4 9
162 0 8
162 1 8
162 2 3
163 0 3
163 1 7
166 5 8
166 6 3
166 7 2
167 4 8
167 5 8
167 6 3
167 7 2
168 4 8
168 5 8
168 6 3
168 7 9
169 3 8
169 4 8
169 5 8
169 6 3
169 7 2
170 3 8
170 4 8
170 5 8
170 6 3
170 7 2
171 3 8
171 4 8
171 5 8
171 6 3
171 7 2
172 3 8
172 4 8
172 5 8
172 6 3
172 7 2
173 3 8
173 4 8
173 5 8
173 6 3
173 7 9
174 4 8
174 5 8
174 6 3
174 7 2
175 4 8
175 5 8
175 6 3
175 7 2
175 8 2
176 8 2
176 9 2
177 9 2
177 10 2
181 4 8
181 5 8
181 6 8
181 7 3
182 4 8
182 5 8
182 6 8
182 7 8
182 8 3
183 4 8
183 5 8
183 6 8
183 7 8
183 8 3
183 9 4
184 3 8
184 4 8
184 5 8
184 6 8
184 7 3
184 8 2
185 3 8
185 4 8
185 5 8
185 6 8
185 7 3
185 8 2
186 3 8
186 4 8
186 5 8
186 6 8
186 7 3
186 8 2
187 3 8
187 4 8
187 5 8
187 6 8
187 7 3
187 8 2
188 3 8
188 4 8
188 5 8
188 6 8
188 7 3
188 8 2
189 3 8
189 4 8
189 5 8
189 6 8
189 7 8
189 8 3
190 3 8
190 4 8
190 5 8
190 6 8
190 7 8
190 8 3
191 3 8
191 4 8
191 5 8
191 6 8
191 7 8
191 8 3
192 3 8
192 4 8
192 5 8
192 6 8
192 7 8
192 8 8
192 9 3
192 10 10
193 3 8
193 4 8
193 5 8
193 6 8
193 7 8
193 8 8
193 9 3
193 10 6
194 3 8
194 4 8
194 5 8
194 6 8
194 7 3

-1
