200 15 0 0 lvl_2 "level 1"

-2 4688 69 100 100 2.600000 0
-2 826 399 100 100 1.600000 0
-2 4551 324 100 100 4.800000 0
-2 5733 130 100 100 3.600000 0
-2 242 162 100 100 3.200000 0
-2 5509 130 100 100 2.200000 0
-2 4798 149 100 100 1.800000 0
-2 4912 32 100 100 3.500000 0
-2 2774 237 100 100 5.000000 0
-2 1709 92 100 100 1.600000 0
-2 3058 333 100 100 3.700000 0
-2 2233 311 100 100 3.700000 0
-2 4751 62 100 100 3.300000 0
-2 3180 148 100 100 4.300000 0
-2 3838 390 100 100 4.500000 0
0 0 3
1 0 3
1 4 1
1 5 2
2 0 3
2 4 1
2 5 5
3 0 3
3 4 1
3 5 5
4 0 3
4 4 1
4 5 2
5 0 3
6 0 3
7 0 3
8 0 3
8 1 2
9 0 3
9 1 2
10 0 3
10 1 2
10 2 2
11 0 8
11 1 3
11 2 5
12 0 8
12 1 3
12 2 5
12 3 5
12 4 5
13 0 8
13 1 8
13 2 8
13 3 3
13 4 5
13 5 5
14 0 8
14 1 8
14 2 8
14 3 8
14 4 3
14 5 5
14 6 5
15 0 8
15 1 8
15 2 8
15 3 8
15 4 8
15 5 3
15 6 5
16 0 8
16 1 8
16 2 8
16 3 8
16 4 8
16 5 3
16 6 2
17 0 8
17 1 8
17 2 8
17 3 3
17 4 2
17 5 2
17 6 2
17 7 2
18 0 8
18 1 8
18 2 3
18 3 2
18 4 2
18 7 2
18 8 2
19 0 8
19 1 3
19 2 2
19 3 2
19 8 2
19 9 2
20 0 8
20 1 3
20 2 2
20 8 1
20 9 2
20 10 2
20 11 2
21 0 8
21 1 3
21 2 2
21 8 1
21 9 1
21 10 4
21 11 2
21 12 2
21 13 2
22 0 3
22 1 2
22 2 2
22 12 1
22 13 11
23 0 3
23 1 2
23 12 1
23 13 4
24 0 3
24 1 2
24 12 1
24 13 7
25 0 3
25 1 2
26 0 3
26 1 2
27 0 3
27 1 2
28 0 3
28 1 2
29 0 3
29 1 2
30 0 3
30 1 2
31 0 3
31 1 2
31 8 2
32 0 3
32 8 2
33 0 3
33 8 2
34 0 3
34 6 2
34 8 2
34 10 2
35 0 3
35 7 2
35 8 2
35 9 2
36 0 3
36 8 2
37 0 3
38 0 3
39 0 3
40 0 3
40 1 4
41 0 3
42 0 3
42 1 4
43 0 3
43 1 2
44 0 3
44 1 2
44 2 2
44 3 2
45 0 8
45 1 8
45 2 3
45 3 2
45 4 2
46 0 8
46 1 8
46 2 8
46 3 3
46 4 2
46 5 2
46 6 2
47 0 8
47 1 8
47 2 8
47 3 8
47 4 8
47 5 3
47 6 2
48 0 8
48 1 8
48 2 8
48 3 8
48 4 8
48 5 3
49 0 8
49 1 8
49 2 8
49 3 8
49 4 8
49 5 3
50 0 8
50 1 8
50 2 8
50 3 8
50 4 8
50 5 3
51 0 8
51 1 8
51 2 8
51 3 8
51 4 8
51 5 3
52 0 8
52 1 8
52 2 8
52 3 8
52 4 8
52 5 3
52 8 2
52 9 2
52 10 2
53 0 8
53 1 8
53 2 8
53 3 8
53 4 8
53 5 8
53 6 3
53 7 4
53 8 2
53 9 7
53 10 2
54 0 8
54 1 8
54 2 8
54 3 8
54 4 8
54 5 3
54 8 2
54 9 2
54 10 2
55 0 8
55 1 8
55 2 8
55 3 8
55 4 8
55 5 3
56 0 8
56 1 8
56 2 8
56 3 8
56 4 3
57 0 8
57 1 8
57 2 8
57 3 3
58 0 8
58 1 8
58 2 3
59 0 8
59 1 3
59 2 5
60 0 8
60 1 3
60 2 5
61 0 8
61 1 3
61 2 5
62 0 8
62 1 3
62 2 5
63 0 8
63 1 3
63 2 5
64 0 8
64 1 8
64 2 3
65 0 8
65 1 8
65 2 8
65 3 3
66 0 8
66 1 8
66 2 8
66 3 8
66 4 8
66 5 3
66 6 4
67 0 8
67 1 8
67 2 8
67 3 8
67 4 8
67 5 3
67 6 5
68 0 8
68 1 8
68 2 8
68 3 8
68 4 8
68 5 3
68 6 5
69 0 8
69 1 8
69 2 8
69 3 8
69 4 3
69 5 5
69 6 5
70 0 8
70 1 8
70 2 8
70 3 3
70 4 5
70 5 5
71 0 8
71 1 8
71 2 3
71 3 5
71 4 5
72 0 8
72 1 3
72 2 5
72 3 5
72 10 1
72 11 4
73 0 8
73 1 3
73 2 5
73 10 1
73 11 7
74 0 8
74 1 3
74 2 2
75 0 8
75 1 3
75 2 2
75 3 2
75 7 1
75 8 11
76 0 8
76 1 8
76 2 3
76 3 2
76 4 2
76 7 1
76 8 2
77 0 8
77 1 8
77 2 8
77 3 3
77 4 2
78 0 8
78 1 8
78 2 8
78 3 3
78 4 2
78 5 2
79 0 8
79 1 8
79 2 8
79 3 8
79 4 3
79 5 2
80 0 8
80 1 8
80 2 8
80 3 8
80 4 3
80 5 2
80 6 2
81 6 2
81 7 2
82 7 2
82 8 2
83 8 2
84 0 3
84 1 5
84 7 2
84 8 2
85 0 3
85 1 5
85 2 5
85 5 1
85 6 2
85 7 2
86 0 8
86 1 3
86 2 5
86 5 1
86 6 2
87 0 8
87 1 3
87 2 5
88 0 8
88 1 3
88 2 5
89 0 8
89 1 3
89 2 5
89 3 5
89 4 5
90 0 8
90 1 8
90 2 8
90 3 3
90 4 5
90 5 5
91 0 8
91 1 8
91 2 8
91 3 8
91 4 3
91 5 5
92 0 3
92 1 11
92 3 8
92 4 3
92 5 5
93 0 3
93 4 8
93 5 8
93 6 3
93 7 4
94 0 3
94 5 8
94 6 8
94 7 3
94 8 2
94 9 2
95 8 2
95 9 2
96 8 2
96 9 2
97 7 2
97 8 2
98 0 8
98 1 3
98 2 2
98 3 2
98 4 2
98 5 2
98 6 2
98 7 2
99 0 8
99 1 3
99 2 2
99 3 2
99 4 2
99 5 2
99 6 2
99 7 2
100 0 3
101 0 3
102 0 3
103 0 8
103 1 3
104 0 8
104 1 8
104 2 3
105 0 8
105 1 8
105 2 8
105 3 3
106 0 8
106 1 8
106 2 8
106 3 8
106 4 3
107 0 8
107 1 8
107 2 8
107 3 8
107 4 8
107 5 3
108 0 8
108 1 8
108 2 8
108 3 8
108 4 8
108 5 3
108 6 4
109 0 8
109 1 8
109 2 8
109 3 8
109 4 8
109 5 3
109 6 2
110 6 2
110 7 2
111 7 2
111 8 2
112 8 2
112 9 2
113 9 2
114 8 2
114 9 2
115 0 8
115 1 8
115 2 8
115 3 8
115 4 8
115 5 8
115 6 3
115 7 2
115 8 2
116 0 8
116 1 8
116 2 8
116 3 8
116 4 8
116 5 3
117 0 8
117 1 8
117 2 8
117 3 3
118 0 8
118 1 8
118 2 3
118 3 5
119 0 8
119 1 8
119 2 3
119 3 5
120 0 8
120 1 8
120 2 3
120 3 5
121 0 8
121 1 8
121 2 8
121 3 3
122 0 8
122 1 8
122 2 8
122 3 8
122 4 3
123 0 8
123 1 8
123 2 8
123 3 8
123 4 8
123 5 3
124 0 8
124 1 8
124 2 8
124 3 8
124 4 8
124 5 8
124 6 3
125 0 8
125 1 8
125 2 8
125 3 8
125 4 8
125 5 8
125 6 3
125 7 4
126 0 8
126 1 8
126 2 8
126 3 8
126 4 8
126 5 3
127 0 8
127 1 8
127 2 8
127 3 3
127 4 2
127 5 2
128 0 8
128 1 3
128 2 2
128 3 2
128 4 2
129 0 8
129 1 3
129 2 2
130 0 8
130 1 3
130 2 2
130 3 2
131 0 8
131 1 3
131 2 4
131 3 2
132 0 8
132 1 8
132 2 3
132 3 2
132 4 2
132 5 2
133 0 8
133 1 8
133 2 8
133 3 8
133 4 8
133 5 3
134 0 8
134 1 8
134 2 8
134 3 8
134 4 8
134 5 8
134 6 3
135 0 8
135 1 8
135 2 8
135 3 8
135 4 8
135 5 8
135 6 3
136 0 8
136 1 8
136 2 8
136 3 8
136 4 8
136 5 8
136 6 8
136 7 3
137 0 8
137 1 8
137 2 8
137 3 8
137 4 8
137 5 8
137 6 8
137 7 3
138 0 8
138 1 8
138 2 8
138 3 8
138 4 8
138 5 8
138 6 8
138 7 3
139 0 8
139 1 8
139 2 8
139 3 8
139 4 8
139 5 8
139 6 8
139 7 3
139 8 2
140 0 8
140 1 8
140 2 8
140 3 8
140 4 8
140 5 8
140 6 3
140 8 2
140 9 2
141 0 8
141 1 8
141 2 8
141 3 8
141 4 8
141 5 3
141 9 2
141 10 2
142 0 8
142 1 8
142 2 8
142 3 3
142 10 2
142 11 2
143 0 8
143 1 8
143 2 3
143 11 2
144 0 8
144 1 8
144 2 3
144 8 1
144 9 1
144 10 2
144 11 2
145 0 8
145 1 8
145 2 3
145 8 1
145 9 5
145 10 2
146 0 8
146 1 8
146 2 3
146 8 1
146 9 4
147 0 8
147 1 8
147 2 3
147 8 1
147 9 5
148 0 8
148 1 8
148 2 3
148 3 4
149 0 8
149 1 8
149 2 3
149 3 7
149 6 1
149 7 1
150 6 1
150 7 5
151 6 1
151 7 4
152 6 1
152 7 5
154 0 8
154 1 8
154 2 3
155 0 8
155 1 8
155 2 3
156 0 8
156 1 8
156 2 3
157 0 8
157 1 3
157 2 1
158 0 8
158 1 3
158 2 1
159 0 8
159 1 3
159 2 1
160 0 8
160 1 3
160 2 1
160 3 1
160 4 2
160 5 2
160 6 2
161 0 8
161 1 3
161 2 1
161 6 2
161 7 2
162 0 8
162 1 3
162 6 1
162 7 2
163 0 8
163 1 3
163 6 1
163 7 4
164 0 8
164 1 3
164 6 1
164 7 2
164 8 2
165 0 8
165 1 3
165 2 4
165 8 2
165 9 2
166 0 8
166 1 3
166 9 2
166 10 2
167 0 8
167 1 3
167 10 2
167 11 2
168 0 8
168 1 3
168 9 1
168 10 2
168 11 2
169 0 8
169 1 3
169 2 4
169 9 1
169 10 2
170 0 8
170 1 3
170 9 1
170 10 2
171 0 8
171 1 3
171 10 2
171 11 2
172 0 8
172 1 3
172 11 2
172 12 2
173 0 8
173 1 3
173 12 2
173 13 2
174 0 8
174 1 3
174 2 4
174 12 2
174 13 2
175 0 8
175 1 3
175 10 1
175 11 2
175 12 2
176 0 8
176 1 3
176 10 1
176 11 2
177 0 8
177 1 3
177 2 5
177 3 5
177 4 5
177 5 5
177 6 8
177 7 8
177 8 8
177 9 8
177 10 3
177 11 2
177 12 2
178 0 8
178 1 3
178 2 5
178 3 5
178 4 5
178 5 8
178 6 8
178 7 8
178 8 8
178 9 8
178 10 8
178 11 3
178 12 2
178 13 2
179 0 8
179 1 3
179 2 5
179 3 5
179 4 5
179 5 8
179 6 8
179 7 8
179 8 8
179 9 8
179 10 8
179 11 8
179 12 3
179 13 2
180 0 8
180 1 3
180 2 5
180 3 5
180 4 5
180 5 8
180 6 8
180 7 8
180 8 8
180 9 8
180 10 8
180 11 8
180 12 3
180 13 2
181 0 8
181 1 3
181 2 7
181 3 5
181 4 8
181 5 8
181 6 8
181 7 8
181 8 8
181 9 8
181 10 8
181 11 8
181 12 3
181 13 2
182 0 8
182 1 8
182 2 8
182 3 8
182 4 8
182 5 8
182 6 8
182 7 8
182 8 8
182 9 8
182 10 8
182 11 8
182 12 3
182 13 2
183 0 8
183 1 8
183 2 8
183 3 8
183 4 8
183 5 8
183 6 8
183 7 8
183 8 8
183 9 8
183 10 8
183 11 8
183 12 3
183 13 2
184 0 8
184 1 8
184 2 8
184 3 8
184 4 8
184 5 8
184 6 8
184 7 8
184 8 8
184 9 8
184 10 8
184 11 8
184 12 3
184 13 2
185 0 8
185 1 8
185 2 8
185 3 8
185 4 8
185 5 8
185 6 8
185 7 8
185 8 8
185 9 8
185 10 8
185 11 8
185 12 3
185 13 2
186 0 8
186 1 8
186 2 8
186 3 8
186 4 8
186 5 8
186 6 8
186 7 8
186 8 8
186 9 8
186 10 8
186 11 8
186 12 3
186 13 2
186 14 2
187 0 8
187 1 8
187 2 8
187 3 8
187 4 8
187 5 8
187 6 8
187 7 8
187 8 8
187 9 8
187 10 8
187 11 8
187 12 8
187 13 3
187 14 6
188 0 8
188 1 8
188 2 8
188 3 8
188 4 8
188 5 8
188 6 8
188 7 8
188 8 8
188 9 8
188 10 8
188 11 3
189 0 8
189 1 8
189 2 8
189 3 8
189 4 8
189 5 8
189 6 8
189 7 8
189 8 8
189 9 8
189 10 3
190 0 8
190 1 8
190 2 8
190 3 8
190 4 8
190 5 8
190 6 8
190 7 8
190 8 8
190 9 8
190 10 3
191 0 8
191 1 8
191 2 8
191 3 8
191 4 8
191 5 8
191 6 8
191 7 8
191 8 8
191 9 8
191 10 3
192 0 8
192 1 8
192 2 8
192 3 8
192 4 8
192 5 8
192 6 8
192 7 8
192 8 8
192 9 3
193 0 8
193 1 8
193 2 8
193 3 8
193 4 8
193 5 8
193 6 8
193 7 8
193 8 8
193 9 3
194 0 8
194 1 8
194 2 8
194 3 8
194 4 8
194 5 8
194 6 8
194 7 8
194 8 3
195 0 8
195 1 8
195 2 8
195 3 8
195 4 8
195 5 8
195 6 3
196 0 8
196 1 8
196 2 8
196 3 8
196 4 8
196 5 3
197 0 8
197 1 8
197 2 8
197 3 3
198 0 8
198 1 8
198 2 3
199 0 3
199 1 11

-1
